0.9800538066535993
4.250409574608133
5.58615417624989
1.1960631083373627
1.3829683622995335
1.9560710556744136
2.586168372578086
4.560330762469171
0.6560661620513817
2.6931284549483303
1.6799206047044848
0.027530566998380968
5.906862928158165
6.860343354476402
5.01455675780166
3.054739544664348
4.0392453207314585
4.884494379169801
6.711602071152722
0.18466826197654584
5.114096217246084
0.6320693067157652
2.7208849323261837
4.954859490830639
1.8905407945187147
1.6637979040795532
3.424137088703732
4.839568773285758
4.457300768940212
5.990362901787279
4.892910368257288
5.944148664002305
1.4515749782105303
6.45924923926469
2.675349194785368
3.161646566267726
5.391321177394056
0.6186415824420441
2.7497290219454396
6.269155763230514
3.9835024911821213
4.806067953166255
6.4345010742519655
6.771558867854849
3.7999292628474377
2.1331697402880505
3.0430450282364907
2.160088389491474
1.6710794933393855
3.114218580896448
5.6550085772153675
3.89490143579671
6.842724773076798
3.276470977262357
0.652645372018
4.22522134027366
4.353711772977915
0.3835717964648907
1.1742403497031044
0.3468823668351121
0.1675150221938625
4.24336159707888
2.285309778099237
5.0802784818710425
4.768794777305537
4.726193999502014
2.889719751747549
1.653789106289509
2.696103589845924
2.0556256792838905
0.024300414742219223
2.994456829540372
4.609109436313531
4.101733393687448
0.014538528855629673
6.9916115621015935
3.2349515206049277
4.521118959656519
3.4781225479209725
5.724246046463237
4.867895761049525
6.2512727064041655
6.520035958399579
1.3675863058139943
2.6674500793864975
6.6950834951081495
3.276555412519002
0.44157866317158234
4.942654055911824
2.7957183131220984
6.248268962907633
3.3504718504936726
2.755333983340803
1.5730011462180298
1.0525134379285603
0.3939158930037203
5.649771620462329
5.1478152511222035
3.181923178467536
5.762633292824361