0.49002690332679966
2.1252047873040665
2.793077088124945
0.5980315541686814
0.6914841811497667
0.9780355278372068
1.293084186289043
2.2801653812345855
0.32803308102569084
1.3465642274741652
0.8399603023522424
0.013765283499190484
2.9534314640790824
3.430171677238201
2.50727837890083
1.527369772332174
2.0196226603657292
2.4422471895849003
3.355801035576361
0.09233413098827292
2.557048108623042
0.3160346533578826
1.3604424661630918
2.4774297454153196
0.9452703972593574
0.8318989520397766
1.712068544351866
2.419784386642879
2.228650384470106
2.9951814508936394
2.446455184128644
2.9720743320011525
0.7257874891052651
3.229624619632345
1.337674597392684
1.580823283133863
2.695660588697028
0.3093207912210221
1.3748645109727198
3.134577881615257
1.9917512455910606
2.4030339765831275
3.2172505371259827
3.3857794339274245
1.8999646314237189
1.0665848701440253
1.5215225141182454
1.080044194745737
0.8355397466696928
1.557109290448224
2.8275042886076838
1.947450717898355
3.421362386538399
1.6382354886311785
0.326322686009
2.11261067013683
2.1768558864889576
0.19178589823244535
0.5871201748515522
0.17344118341755604
0.08375751109693125
2.12168079853944
1.1426548890496184
2.5401392409355212
2.3843973886527685
2.363096999751007
1.4448598758737745
0.8268945531447545
1.348051794922962
1.0278128396419453
0.012150207371109611
1.497228414770186
2.3045547181567656
2.050866696843724
0.007269264427814837
3.4958057810507968
1.6174757603024639
2.2605594798282596
1.7390612739604863
2.8621230232316184
2.4339478805247623
3.1256363532020828
3.2600179791997896
0.6837931529069972
1.3337250396932487
3.3475417475540747
1.638277706259501
0.22078933158579117
2.471327027955912
1.3978591565610492
3.1241344814538166
1.6752359252468363
1.3776669916704014
0.7865005731090149
0.5262567189642802
0.19695794650186016
2.8248858102311645
2.5739076255611018
1.590961589233768
2.8813166464121807